%YAML:1.0
cam_K: !!opencv-matrix
   rows: 3
   cols: 3
   dt: d
   data: [ 1.2496486841936937e+03, 0., 4.1764669455783536e+02, 0.,
       1.2347689097973139e+03, 3.7960832133419945e+02, 0., 0., 1. ]
cam_kc: !!opencv-matrix
   rows: 1
   cols: 5
   dt: d
   data: [ -2.9957260625939947e-01, 6.1906929902246484e+00,
       -5.5823374563503166e-03, -1.0924408667833764e-02, 0. ]
proj_K: !!opencv-matrix
   rows: 3
   cols: 3
   dt: d
   data: [ 2.0223191549386124e+03, 0., 3.7944887663836374e+02, 0.,
       1.8812029633589079e+03, 4.6898566081258014e+02, 0., 0., 1. ]
proj_kc: !!opencv-matrix
   rows: 1
   cols: 5
   dt: d
   data: [ 3.2463991883255688e-01, 2.9598797135323300e+00,
       9.1444328436400060e-02, -6.9673155206505147e-02, 0. ]
R: !!opencv-matrix
   rows: 3
   cols: 3
   dt: d
   data: [ 9.9998744986454580e-01, 1.6931182636345124e-03,
       4.7152374222165019e-03, -2.2544358986445446e-03,
       9.9256343510210054e-01, 1.2170762020965244e-01,
       -4.4741068585167285e-03, -1.2171672296304827e-01,
       9.9255479532313740e-01 ]
T: !!opencv-matrix
   rows: 3
   cols: 1
   dt: d
   data: [ 1.2230896982158434e+01, -1.1936639908933516e+02,
       9.4031723036298359e+01 ]
cam_error: 6.3413099370862624e-01
proj_error: 9.1779012495951939e-01
stereo_error: 2.2258307876484742e+00
