%YAML:1.0
cam_K: !!opencv-matrix
   rows: 3
   cols: 3
   dt: d
   data: [ 2.1620952636490671e+02, 0., 1.5993268114081474e+02, 0.,
       1.9109286752912942e+02, 1.2272594888882671e+02, 0., 0., 1. ]
cam_kc: !!opencv-matrix
   rows: 1
   cols: 5
   dt: d
   data: [ 4.8942811950809134e-01, -4.5957084742563632e+00,
       1.0525150813026962e-01, 2.0325517110668215e-02, 0. ]
proj_K: !!opencv-matrix
   rows: 3
   cols: 3
   dt: d
   data: [ 6.3813287636073392e+02, 0., 5.2146645866278266e+02, 0.,
       5.8899197219395364e+02, 5.8714412070677497e+02, 0., 0., 1. ]
proj_kc: !!opencv-matrix
   rows: 1
   cols: 5
   dt: d
   data: [ 6.1771544098307242e-02, -1.7270542039698436e-01,
       2.3017766221592045e-02, -8.5271442196209329e-03, 0. ]
R: !!opencv-matrix
   rows: 3
   cols: 3
   dt: d
   data: [ 9.9438979360622648e-01, 2.9200663643402965e-03,
       -1.0573746537625250e-01, -3.9430877979051274e-02,
       9.3780262713316698e-01, -3.4492236576356011e-01,
       9.8153676617677016e-02, 3.4715660119686303e-01,
       9.3265650161882996e-01 ]
T: !!opencv-matrix
   rows: 3
   cols: 1
   dt: d
   data: [ 3.5984232912872529e+00, -5.3674618908105082e+01,
       -3.5238142251619777e+01 ]
cam_error: 5.1281051281826606e+00
proj_error: 1.6096887298161001e+01
stereo_error: 1.1959140727230885e+01
